h0,h1,h2,h3,h4,h5,h6,h7,h8,h9,h10,h11,h12,h13,h14,h15,h16,h17,h18,h19,h20,h21,h22,h23
1,6,6,6,7,7,7,7,7,7,7,7,7,7,7,7,7,7,7,7,7,7,7,7
6,7,7,6,6,6,6,6,6,6,6,7,7,7,7,7,7,7,7,7,7,7,7,7
6,7,7,7,6,6,6,6,6,6,6,6,7,7,7,7,7,7,7,7,7,7,0,0
0,0,0,0,0,0,7,7,7,7,7,7,7,7,7,7,7,0,0,7,0,0,7,7
7,7,0,0,0,7,7,7,7,7,7,7,7,7,7,7,7,7,7,7,7,1,7,7
7,7,7,7,7,7,7,7,7,7,7,7,7,7,0,0,0,0,0,0,0,0,7,7
7,7,7,0,0,7,7,7,7,7,7,7,7,7,7,7,7,7,7,7,7,7,7,7
7,7,7,0,0,0,7,7,0,7,7,0,7,0,0,7,7,7,7,7,7,7,7,7
7,7,7,7,7,7,7,7,7,7,7,7,7,7,7,7,7,0,0,7,7,7,7,7
7,6,7,7,7,7,7,7,7,7,7,7,7,7,7,7,7,7,7,7,7,7,7,7
7,7,7,7,7,7,7,7,7,7,7,7,7,7,7,7,7,7,7,7,7,7,7,7
7,1,6,7,7,7,7,7,7,7,7,7,7,7,7,7,7,7,7,7,7,7,7,7
7,7,7,6,6,6,6,6,7,7,7,7,7,7,7,7,7,7,7,7,7,7,7,7
7,7,7,7,7,7,7,7,7,7,7,7,7,7,7,7,7,7,7,7,7,7,7,7
7,7,6,6,6,6,6,6,6,6,7,7,7,7,7,7,6,7,6,7,7,7,7,7
7,7,7,7,0,0,7,7,7,7,7,0,7,7,7,7,7,7,7,7,0,7,7,7
0,0,0,0,0,7,7,7,7,7,7,7,7,7,7,7,7,7,7,7,7,7,7,7
7,7,7,7,7,6,6,6,6,6,6,6,6,6,6,6,7,6,7,7,7,7,7,7
7,7,7,0,0,7,0,7,7,6,7,7,7,7,7,7,7,7,7,7,7,7,7,7
0,0,0,0,7,7,7,7,7,7,0,0,0,7,7,7,7,7,6,7,7,7,6,6
6,6,7,7,7,7,7,7,7,7,6,6,6,6,6,7,7,7,7,7,7,7,7,7
7,7,7,7,7,7,6,6,6,6,6,6,6,6,1,1,1,1,1,1,6,1,1,1
1,0,0,0,0,0,0,0,0,7,7,7,7,7,7,7,7,7,7,7,7,7,7,0
0,0,0,0,0,0,0,0,0,0,0,0,0,7,7,7,0,0,0,0,0,7,7,7
7,7,6,7,7,7,7,7,7,7,7,7,7,7,7,7,0,7,7,7,7,7,7,7
7,7,0,0,0,0,0,0,0,7,7,7,7,7,7,0,0,0,7,7,7,6,6,6
1,1,1,7,7,7,7,0,0,0,0,7,7,0,0,0,0,0,0,0,0,0,0,0
0,0,0,0,0,0,0,0,0,0,0,0,0,0,0,0,0,0,0,0,0,0,0,7
7,7,7,7,7,7,7,7,7,7,7,7,7,7,7,0,0,0,0,0,0,0,0,0
0,0,0,0,0,0,0,0,0,0,0,0,0,0,0,0,0,0,0,0,0,0,0,0
