weekday,hour,count
0,0,62
0,1,34
0,2,10
0,3,8
0,4,11
0,5,7
0,6,6
0,7,10
0,8,21
0,9,20
0,10,21
0,11,38
0,12,32
0,13,32
0,14,42
0,15,39
0,16,39
0,17,41
0,18,52
0,19,46
0,20,59
0,21,50
0,22,78
0,23,105
1,0,103
1,1,44
1,2,19
1,3,11
1,4,3
1,5,4
1,6,4
1,7,13
1,8,17
1,9,24
1,10,24
1,11,27
1,12,22
1,13,27
1,14,18
1,15,34
1,16,36
1,17,28
1,18,32
1,19,59
1,20,68
1,21,66
1,22,73
1,23,76
2,0,80
2,1,56
2,2,20
2,3,7
2,4,4
2,5,5
2,6,5
2,7,16
2,8,14
2,9,18
2,10,24
2,11,28
2,12,33
2,13,20
2,14,31
2,15,42
2,16,32
2,17,41
2,18,52
2,19,46
2,20,54
2,21,67
2,22,85
2,23,87
3,0,98
3,1,57
3,2,23
3,3,8
3,4,4
3,5,5
3,6,11
3,7,12
3,8,15
3,9,24
3,10,33
3,11,19
3,12,26
3,13,30
3,14,46
3,15,40
3,16,40
3,17,52
3,18,73
3,19,45
3,20,69
3,21,74
3,22,74
3,23,108
4,0,89
4,1,87
4,2,25
4,3,11
4,4,4
4,5,8
4,6,7
4,7,16
4,8,29
4,9,39
4,10,32
4,11,40
4,12,28
4,13,32
4,14,40
4,15,39
4,16,50
4,17,52
4,18,50
4,19,56
4,20,63
4,21,64
4,22,75
4,23,109
5,0,77
5,1,59
5,2,17
5,3,28
5,4,10
5,5,3
5,6,6
5,7,19
5,8,12
5,9,31
5,10,31
5,11,43
5,12,51
5,13,49
5,14,39
5,15,39
5,16,48
5,17,62
5,18,58
5,19,83
5,20,72
5,21,89
5,22,81
5,23,95
6,0,96
6,1,75
6,2,32
6,3,8
6,4,6
6,5,7
6,6,9
6,7,26
6,8,28
6,9,46
6,10,45
6,11,49
6,12,33
6,13,39
6,14,55
6,15,67
6,16,70
6,17,72
6,18,80
6,19,81
6,20,85
6,21,91
6,22,102
6,23,108
0,0,88
0,1,66
0,2,27
0,3,6
0,4,5
0,5,5
0,6,7
0,7,28
0,8,31
0,9,28
0,10,32
0,11,32
0,12,38
0,13,27
0,14,34
0,15,27
0,16,39
0,17,40
0,18,62
0,19,56
0,20,58
0,21,62
0,22,98
0,23,97
1,0,108
1,1,60
1,2,18
1,3,11
1,4,7
1,5,4
1,6,12
1,7,16
1,8,21
1,9,20
1,10,32
1,11,24
1,12,18
1,13,33
1,14,35
1,15,36
1,16,32
1,17,33
1,18,47
1,19,60
1,20,54
1,21,68
1,22,66
1,23,81
2,0,93
2,1,51
2,2,27
2,3,7
2,4,5
2,5,8
2,6,14
2,7,16
2,8,27
2,9,22
2,10,19
2,11,21
2,12,32
2,13,23
2,14,27
2,15,40
2,16,40
2,17,48
2,18,57
2,19,57
2,20,55
2,21,61
2,22,91
2,23,94
3,0,112
3,1,78
3,2,30
3,3,13
3,4,4
3,5,11
3,6,10
3,7,18
3,8,23
3,9,32
3,10,29
3,11,38
3,12,30
3,13,39
3,14,51
3,15,47
3,16,45
3,17,54
3,18,44
3,19,98
3,20,49
3,21,68
3,22,92
3,23,111
4,0,105
4,1,75
4,2,41
4,3,10
4,4,6
4,5,6
4,6,10
4,7,17
4,8,25
4,9,28
4,10,29
4,11,38
4,12,24
4,13,35
4,14,44
4,15,50
4,16,49
4,17,56
4,18,60
4,19,76
4,20,64
4,21,72
4,22,88
4,23,95
5,0,118
5,1,79
5,2,52
5,3,24
5,4,9
5,5,1
5,6,11
5,7,22
5,8,29
5,9,32
5,10,54
5,11,43
5,12,33
5,13,46
5,14,42
5,15,48
5,16,50
5,17,74
5,18,77
5,19,90
5,20,95
5,21,88
5,22,128
5,23,103
6,0,141
6,1,89
6,2,47
6,3,14
6,4,9
6,5,6
6,6,9
6,7,15
6,8,49
6,9,30
6,10,34
6,11,48
6,12,44
6,13,50
6,14,53
6,15,56
6,16,66
6,17,77
6,18,74
6,19,78
6,20,71
6,21,80
6,22,110
6,23,124
0,0,130
0,1,73
0,2,32
0,3,13
0,4,12
0,5,8
0,6,13
0,7,23
0,8,42
0,9,30
0,10,31
0,11,40
0,12,33
0,13,34
0,14,36
0,15,36
0,16,57
0,17,53
0,18,42
0,19,60
0,20,50
0,21,66
0,22,96
0,23,101
1,0,91
1,1,53
1,2,32
1,3,6
1,4,2
1,5,5
1,6,12
1,7,14
1,8,22
1,9,27
1,10,33
1,11,18
1,12,35
1,13,29
1,14,32
1,15,32
1,16,49
1,17,70
1,18,61
1,19,67
1,20,79
1,21,73
1,22,85
1,23,89
2,0,129
2,1,62
2,2,33
2,3,8
2,4,5
2,5,6
2,6,4
2,7,14
2,8,28
2,9,29
2,10,32
2,11,32
2,12,26
2,13,36
2,14,33
2,15,30
2,16,49
2,17,53
2,18,62
2,19,60
2,20,61
2,21,72
2,22,76
2,23,94
3,0,118
3,1,83
3,2,35
3,3,14
3,4,7
3,5,3
3,6,12
3,7,18
3,8,20
3,9,21
3,10,32
3,11,30
3,12,20
3,13,31
3,14,41
3,15,32
3,16,37
3,17,47
3,18,43
3,19,51
3,20,58
3,21,61
3,22,78
3,23,91
4,0,116
4,1,75
4,2,34
4,3,15
4,4,5
4,5,3
4,6,11
4,7,19
4,8,27
4,9,18
4,10,29
4,11,24
4,12,31
4,13,49
4,14,41
4,15,36
4,16,41
4,17,53
4,18,65
4,19,62
4,20,58
4,21,69
4,22,100
4,23,119
5,0,115
5,1,91
5,2,27
5,3,15
5,4,7
5,5,12
5,6,13
5,7,12
5,8,26
5,9,29
5,10,32
5,11,30
5,12,38
5,13,39
5,14,57
5,15,55
5,16,48
5,17,48
5,18,55
5,19,73
5,20,74
5,21,83
5,22,92
5,23,98
6,0,112
6,1,103
6,2,44
6,3,22
6,4,6
6,5,21
6,6,83
6,7,23
6,8,63
6,9,59
6,10,56
6,11,56
6,12,33
6,13,47
6,14,54
6,15,51
6,16,71
6,17,67
6,18,59
6,19,65
6,20,81
6,21,76
6,22,99
6,23,116
0,0,106
0,1,80
0,2,50
0,3,15
0,4,6
0,5,9
0,6,6
0,7,13
0,8,21
0,9,30
0,10,28
0,11,27
0,12,45
0,13,31
0,14,29
0,15,37
0,16,35
0,17,35
0,18,37
0,19,56
0,20,48
0,21,57
0,22,67
0,23,78
1,0,91
1,1,53
1,2,17
1,3,6
1,4,13
1,5,7
1,6,11
1,7,16
1,8,25
1,9,20
1,10,31
1,11,30
1,12,43
1,13,41
1,14,29
1,15,34
1,16,44
1,17,61
1,18,71
1,19,76
1,20,67
1,21,87
1,22,89
1,23,108
2,0,124
2,1,86
2,2,43
2,3,15
2,4,7
2,5,6
2,6,10
2,7,21
2,8,31
2,9,32
2,10,39
2,11,35
2,12,35
2,13,23
2,14,33
2,15,36
2,16,30
2,17,58
2,18,47
2,19,54
2,20,53
2,21,68
2,22,84
2,23,109
3,0,107
3,1,90
3,2,45
3,3,14
3,4,6
3,5,10
3,6,10
3,7,26
3,8,37
3,9,36
3,10,45
3,11,43
3,12,31
3,13,54
3,14,30
3,15,39
3,16,44
3,17,58
3,18,47
3,19,57
3,20,64
3,21,85
3,22,100
3,23,105
4,0,124
4,1,83
4,2,33
4,3,23
4,4,9
4,5,6
4,6,13
4,7,21
4,8,32
4,9,48
4,10,39
4,11,49
4,12,33
4,13,49
4,14,52
4,15,48
4,16,42
4,17,61
4,18,66
4,19,84
4,20,83
4,21,72
4,22,100
4,23,137
5,0,118
5,1,95
5,2,59
5,3,21
5,4,6
5,5,8
5,6,12
5,7,17
5,8,29
5,9,36
5,10,37
5,11,44
5,12,45
5,13,48
5,14,49
5,15,51
5,16,55
5,17,68
5,18,88
5,19,91
5,20,81
5,21,107
5,22,115
5,23,125
6,0,161
6,1,100
6,2,39
6,3,22
6,4,15
6,5,5
6,6,11
6,7,29
6,8,37
6,9,43
6,10,58
6,11,45
6,12,54
6,13,55
6,14,63
6,15,59
6,16,58
6,17,66
6,18,88
6,19,83
6,20,100
6,21,107
6,22,135
6,23,139
0,0,153
0,1,116
0,2,47
0,3,14
0,4,7
0,5,8
0,6,13
0,7,26
0,8,34
0,9,52
0,10,44
0,11,38
0,12,36
0,13,36
0,14,43
0,15,48
0,16,34
0,17,50
0,18,55
0,19,73
0,20,68
0,21,116
0,22,93
0,23,124
1,0,139
1,1,116
1,2,30
1,3,13
1,4,2
1,5,6
1,6,15
1,7,23
1,8,38
1,9,30
1,10,41
1,11,40
1,12,40
1,13,45
1,14,43
1,15,49
1,16,58
1,17,66
1,18,85
1,19,81
1,20,65
1,21,84
1,22,110
1,23,107
